50.6350840915 59.5796106876
101.551722396 0.94878838793
71.1432728635 50.6417063868
102.156174788 -0.939049846931
67.875141226 42.0070871252
49.1856352414 59.5628421534
102.389944963 0.63469309413
51.643495156 60.5365422779
67.6506022427 41.2762251337
69.1649777646 42.2817045381
50.7583621066 59.0197333502
49.2246769416 59.9809903117
69.9799410885 41.0436018653
102.968147904 -0.584370887065
51.4961576842 60.364861001
102.66696722 -0.0876980551513
106.642360563 -13.9010812579
67.9760955429 41.8875606603
68.2864333957 40.4814466894
105.62026908 -11.7853837568
49.6667625962 59.2324431843
52.4888986784 60.2709831524
49.6666018013 59.2323859873
104.055050478 0.370549673511
48.7155690619 60.0088758498
67.9761126894 41.88757118
103.57624905 -0.3279919326
51.4960253858 60.364935878
52.5187469016 59.2823426981
69.5980474197 41.5119042622
50.1530047755 58.6605675304
49.1856582029 59.5629013517
101.457712386 2.13143258801
67.9761481827 41.8874731945
106.487032417 -13.1977864135
51.4042425385 60.5371931958
107.380398421 -12.0772755164
50.6351148611 59.5796528294
69.9294011062 41.5312525824
68.5855203293 41.937597744
98.079900598 67.5995786266
51.5415027192 58.9226666656
67.9984489928 42.33346891
50.6346174461 59.8363086684
69.6402967891 41.3699695081
103.289331086 0.753527877204
105.830063479 -12.5996736907
100.851023328 2.38215195935
106.107262381 -13.007608989
70.483728644 50.344149512
100.967098766 1.77556964661
107.8382992 -12.413276283
123.848719955 48.2267425879
102.8016633 1.01172752888
69.227635182 40.6885012306
68.2259048202 42.2012754638
50.6931002818 60.6159367638
52.4167075548 60.4247350288
67.6642032681 41.1779884858
69.6402104365 41.3699715489
103.434562355 -0.328403514201
52.6880292439 59.8479147885
68.5855636569 41.9374666233
69.6996642609 49.4804265102
52.2759824291 59.8159215854
52.4167315941 60.4247388037
102.790023608 0.372726467469
107.186734952 -12.3938008821
102.910515047 0.566964938729
68.5854752591 41.9375890944
67.3588189607 40.8816347567
106.515520072 -13.6714357906
96.8457288926 67.1902281877
103.702599588 0.0625419031698
123.848593581 48.2267851278
93.7089902004 67.1197214075
102.4746842 0.10109114692
69.640273018 41.369985375
100.905526536 1.64063122621
49.8391680559 59.7050978148
51.541547075 58.9226059826
70.7792590243 49.9017660014
69.6402201067 41.3700149575
70.3707541573 49.5035864375
68.225966815 42.2011960868
102.537264511 1.07232226744
102.853005239 -0.704043972514
52.5188894868 59.2822456171
104.027264565 0.243974198211
103.196973286 0.164985070194
52.4889154406 60.2710238728
67.3588189627 40.8816347555
106.737597608 -12.1591875013
68.5045257647 49.6471184346
178.213142503 72.669429606
48.715614781 60.0089230267
107.012006878 -13.6696636903
103.081152059 0.543391186935
68.225892935 42.2013150315
70.9528948836 51.0619266398
50.6351212171 59.5796355655
50.7584192886 59.0198094434
51.6435736251 60.5365369725
103.661766434 -0.393598561747
70.2741424578 51.1950727293
49.1855613148 59.5629065579
50.7583840213 59.0197181707
51.6435676289 60.5365620472
68.2258735182 42.2012815305
103.303393402 -0.478299543031
67.4487993793 40.8585125957
101.043860881 2.04089931438
69.0873939274 42.3478523412
123.848643874 48.2267641138
48.7155867377 60.008985496
49.666589268 59.2324131382
49.8998446152 59.9228903903
53.4609846909 59.6498457171
52.4888654611 60.2710312353
101.374793939 1.91198513056
50.1529605597 58.6605374317
68.5855279007 41.9375783082
51.4961411457 60.3648675215
52.5190186252 59.2822178678
67.3588189512 40.8816347626
101.121897956 2.10200551933
106.209272901 -12.9056661359
163.092378594 86.6852753785
68.2865111767 40.4815191907
52.2761750866 59.8158238421
52.416751296 60.4246994326
70.7124624701 49.6615364178
50.6931822188 60.6159850144
49.8984781581 59.6149242146
122.030089212 51.8960124163
69.5980312656 41.5118749376
107.267812388 -11.7803705041
68.2866432605 40.4814470824
106.252929234 -12.7443415151
67.5397703664 41.7211680552
100.87433855 1.34402007401
123.848632837 48.2267330767
69.5980432878 41.5118973098
103.309374615 -0.50825884481
51.5414851423 58.9226081402
68.2864241067 40.4814116414
67.8916580394 42.0861975734
107.18031313 -12.467910199
67.9762983659 41.887575572
70.3258526341 49.2253983326
52.2760973958 59.815830638
50.6931818791 60.6159948778
69.5978892651 41.5118857192
106.564925619 -12.9265671034
107.878713141 -13.5013364162
100.944606916 1.48607132648
52.5189427182 59.2822432228
71.3435088512 50.2377609394
138.814856522 87.8750371677
102.997144036 1.24092545512
69.0873027653 42.3481794349
48.715573211 60.0089154364
49.8998273018 59.9228692005
53.4608022998 59.6498559984
52.4888920542 60.2710537515
103.424161628 -0.762346661574
67.3800630388 40.8249209103
123.848636805 48.2267750128
51.4041474688 60.5372118514
69.0870038199 42.3483193476
107.428655677 -11.8758531144
105.861872902 -13.0509332769
102.47520795 -0.605979687051
106.659054005 -13.8140507216
49.2245684095 59.9811080263
67.9985242476 42.3333734328
105.714063858 -12.1191433816
50.7583489069 59.0197275993
51.6435921299 60.5365725148
145.61354181 77.053148638
68.3629597234 49.3378261972
102.869618335 -0.63968708595
102.111288754 0.363722291115
53.4609260896 59.6498485853
107.18676604 -12.0336717936
69.023987404 50.2433183795
95.0470966033 67.8633404206
69.0872030862 42.348162966
69.2276651476 40.6885093747
70.7052183668 50.6581666957
68.2258592612 42.2012938253
67.6642065677 41.1779387884
101.43654954 1.62089821478
103.131889904 0.312359479155
102.164951904 -1.02322266203
102.341389915 -0.664662100325
67.8916178393 42.0860618501
49.8984480047 59.6149507527
69.2606667976 50.7152796071
67.5396928851 41.721140988
52.2761870873 59.8158355853
69.5980241751 41.5119096744
49.8391191792 59.70505531
67.8917317615 42.0860945421
101.836318341 0.389112348861
67.539907003 41.721093894
69.9293963749 41.5313207957
68.2640396584 49.514750035
67.8751754521 42.0070614092
50.6346439242 59.8362816205
67.6505782847 41.2761993043
69.1649666566 42.2817207592
69.9798965152 41.043607257
105.960438756 -12.7817403066
52.6879917141 59.8479256399
101.100306762 1.85238593439
67.8916116119 42.0861305002
50.6932215789 60.6160040054
49.8984469457 59.6149364615
103.282197343 -0.0354614607622
68.2864497056 40.4814632349
67.5397906717 41.7211511678
67.5397487739 41.7211335236
51.4044933238 60.5372715078
106.06963012 -12.7204739519
69.9293137223 41.5312322044
102.844985285 1.427657113
49.2246748779 59.9809825473
67.8916280285 42.086166197
71.1288071039 50.5436628041
67.9761130083 41.8875331303
102.73103214 1.25937894186
69.1650375473 42.2816817034
67.6505738457 41.2762309537
67.8750968134 42.007046998
69.9799742189 41.0436242731
50.1529741292 58.6605357158
69.929431115 41.5313833102
51.4962004172 60.3648711987
49.6667396895 59.2324103511
100.877606772 1.79268687172
49.8997906857 59.9228794358
53.4609669115 59.6498308383
67.6505990111 41.276213876
69.1650312552 42.2817039145
101.97673925 0.528079422362
67.8751376901 42.0070871189
105.763044127 -13.1413332694
68.8467595704 51.1610249992
69.9800699777 41.0436068259
69.929400203 41.5312703794
70.0467773829 49.928927216
102.832859919 -0.115321223566
106.937923456 -13.4236235288
103.151715726 -0.807354400824
102.634656803 -1.00437946171
69.1649939212 42.2815624811
67.6507087256 41.2762383435
67.8752593073 42.0069633071
49.1856306676 59.5628968868
69.9797921205 41.043623117
97.2672423223 66.2360845201
106.293753278 -12.592246834
49.2247343186 59.9810636313
68.9818862164 50.9716169951
50.6351849834 59.5796434924
67.8924187175 50.2517715031
106.315701584 -13.6650720244
102.298695164 -0.709821764237
69.3185025234 49.4225474072
70.6405397242 50.8549779906
51.4042036866 60.5372045762
50.6346128678 59.8362635868
68.859587213 50.5504469285
67.6642029961 41.177973242
145.988458591 76.5604178646
51.5415153068 58.9226408605
49.8390721709 59.705014018
70.6747243747 49.7793550952
94.5731042059 66.3686160353
69.0871502481 42.3481997995
69.2276274265 40.6885105709
102.866474413 -0.531069233339
102.724137695 0.103585800833
102.353205784 1.32894556286
68.5855058244 41.9375636912
52.688002343 59.8478940875
67.9984788716 42.3334958303
52.4167524324 60.4247539289
67.6643297963 41.1779815264
69.6402808543 41.3699647183
49.89837517 59.6149745385
105.654078271 -13.0150942962
101.012630197 2.40479890571
52.6880484853 59.8478689372
67.9910237126 49.7902007116
71.0662084388 49.8838438242
69.2275480048 40.6885121187
67.9983799057 42.3334540569
67.6641908907 41.17802844
106.496431886 -13.3878307289
103.385124127 -0.908816596467
102.761204776 1.16015960163
70.2312160549 49.8511254177
69.7961627808 50.4757091788
69.2274495203 40.6885372434
50.6345052406 59.8362202474
67.9985389023 42.3333293301
